1    40 3721
2    41 3373
3    42 2880
4    43 1805
5    44 1195
6    45  557
7    46  267
8    47  239
9    48  182
10   49  270
11   50  300
12   51  330
13   52  360
14   53  390
15   54  420
16   55  362
17   56  363
18   57  423
19   58  423
20   59  483
21   60  425
22   61  397
23   62  573
24   63  864
25   64 1533
26   65 2377
27   66 3366
28   67 4472
29   68 5403
30   69 7613
31   70 7498
32   71 7440
33   72 7529
34   73 7820
35   74 7996
36   75 8316
37   76 5061
38   77 5150
39   78 5296
40   79 4337
41   80 3728
42   81 3060
43   82 2654
44   83 2074
45   84 1697
46   85 1290
47   86  971
48   87  769
49   88  683
50   89  655
51   90  626
52   91  511
53   92  425
54   93  426
55   94  310
56   95  253
57   96  196
58   97  168
59   98  197
60   99  286
61  100  781
62  101  927
63  102 1073
64  103 1249
65  104 1366
66  105 1570
67  106 1949
68  107 2473
69  108 3578
70  110 4800
71  111 5440
72  112 4715
73  113 4192
74  114 3844
75  115 3177
76  116 3439
77  117 3731
78  118 4168
79  119 3617
80  120 3123
81  121 2223
82  122 1759
83  123  800
84  124  656
85  125  483
86  126  367
87  127  223
88  128  224
89  129  138
90  130   51
91  131    0
92  132   82
93  133  170
94  134  287
95  135  172
96  136   80
97  137  115
98  138    0
99  139  379
100 140  961
101 141 2095
102 142 2678
103 143 3231
104 144 3116
105 145 2914
106 146 2740
107 147 2944
108 148 3526
109 149 4225
110 150 5127
111 151 6116
112 152 7222
113 153 6554
114 154 5944
115 155 4405
116 156 3010
117 157 2255
118 158 1413
119 159  862
120 160  601
121 161  544
122 162  516
123 163  488
124 164  488
125 165  489
126 166  490
127 167  462
128 168  463
129 169  464
130 170  464
131 171  465
132 172  496
133 173  584
134 174  701
135 175  818
136 176 1400
137 177 1953
138 178 2710
139 179 3234
140 180 3729
141 181 3875
142 182 4022
143 183 3761
144 184 3559
145 185 3996
146 186 4462
147 187 4928
148 188 5248
149 189 5889
150 190 6616
151 191 7548
152 192 9642
153 193 8596
154 194 4585
155 195 2812
156 196 1883
157 197 1477
158 198  984
159 199  607
160 200  404
161 201  434
162 202  377
163 203  349
164 204  321
165 205  292
166 206  235
167 207  207
168 208  121
169 209   92
170 210  122
171 211  152
172 212  328
173 213  648
174 214 1347
175 215 1784
176 216 2337
177 217 2803
178 218 3269
179 219 3735
180 220 4376
181 221 4260
182 222 4174
183 223 4116
184 224 4321
185 225 4496
186 226 4701
187 227 4411
188 228 4034
189 229 3657
190 230 3890
191 231 4269
192 232 4939
193 233 5754
194 234 4940
195 235 4040
196 236 3227
197 237 2356
198 238 1427
199 239 1108
200 240  905
201 241 1052
202 242 1110
203 243 1169
204 244 1257
205 245 1258
206 246 1230
207 247 1173
208 248 1203
209 249 1116
210 250 1059
211 251 1002
212 252 1090
213 253 1237
214 254 1615
215 255 2168
216 256 2721
217 257 3420
218 258 4381
219 259 5254
220 260 6185
221 261 7697
222 262 7465
223 263 6478
224 264 6188
225 265 5898
226 266 5522
227 267 5057
228 268 4331
229 269 4042
230 270 3839
231 271 3607
232 272 3289
233 273 2446
234 274 1749
235 275 1023
236 276  646
237 277  444
238 278  242
239 279  214
240 280   69
241 281   70
242 282  100
243 283  101
244 284  130
245 285  248
246 286  336
247 287  482
248 288  629
249 289  862
250 290 1066
251 291 1329
252 292 1765
253 293 2202
254 294 2406
255 295 4733
256 296 4851
257 297 4502
258 298 4213
259 299 3982
260 300 3895
261 301 3663
262 302 4013
263 303 4508
264 304 5352
265 305 6079
266 306 6546
267 307 5588
268 308 4774
269 309 3932
270 310 3119
271 311 2073
272 312 1638
273 313 1348
274 314  797
275 315  536