1   240  439
2   242  244
3   244  146
4   246   78
5   248   39
6   250   10
7   252   19
8   254  156
9   256 1550
10  258 2262
11  260 2301
12  262 2067
13  264 1521
14  266 1024
15  268 1326
16  270 1238
17  272 1033
18  274  809
19  276  556
20  278  322
21  280  136
22  282   49
23  284   29
24  286   10
25  288   19
26  290   19
27  292 1521
28  294 2662
29  296 2798
30  298 2506
31  300 1774
32  302 1248
33  304  809
34  306  829
35  308  526
36  310  331
37  312  214
38  314   97
39  316   39
40  318   49
41  320  585
42  322 1521
43  324 3013
44  326 3519
45  328 3149
46  330 2554
47  332 1979
48  334 2525
49  336 2174
50  338 1638
51  340 1121
52  342  643
53  344  370
54  346  234
55  348  117
56  350   49
57  352   19
58  354   19
59  356   58
60  358  575
61  360 1716
62  362 1950
63  364 1813
64  366 1482
65  368  975
66  370  595
67  372  487
68  374  536
69  376  419
70  378  312
71  380  234
72  382  107
73  384   49
74  386 1316
75  388 1930
76  390 1813
77  392 1813
78  394 2398
79  396 3256
80  398 3334
81  400 2964
82  402 1872
83  404 1131
84  406  731
85  408  458
86  410  253
87  412  107
88  414   49
89  416   10
90  418   29
91  420  273
92  422 1199
93  424 1716
94  426 1716
95  428 1521
96  430 1199
97  432  731
98  434  419
99  436  819
100 438  643
101 440  526
102 442  234
103 444   97
104 446  721
105 448 1024
106 450  936
107 452  829
108 454  916
109 456 1833
110 458 2662
111 460 2623