1   240   33
2   242   16
3   244    6
4   246   22
5   248  378
6   250  860
7   252 1084
8   254 1249
9   256 1172
10  258  909
11  260  718
12  262  543
13  264  367
14  266  269
15  268  258
16  270  181
17  272  110
18  274   61
19  276   17
20  278    1
21  280    6
22  282  297
23  284  565
24  286  505
25  288  549
26  290  691
27  292  822
28  294  899
29  296 1195
30  298 1047
31  300  845
32  302  631
33  304  423
34  306  221
35  308  117
36  310   46
37  312   18
38  314   13
39  316   18
40  318  111
41  320  511
42  322  719
43  324  785
44  326  708
45  328  610
46  330  511
47  332  610
48  334  709
49  336  599
50  338  495
51  340  369
52  342  232
53  344  145
54  346   68
55  348   36
56  350    8
57  352    3
58  354    3
59  356  145
60  358  726
61  360 1328
62  362 1503
63  364 1459
64  366 1251
65  368 1016
66  370  748
67  372  638
68  374  491
69  376  332
70  378  190
71  380   69
72  382   25
73  384    9
74  386    4
75  388   37
76  390   80
77  392  425
78  394  847
79  396 1082
80  398 1050
81  400  803
82  402  749
83  404  935
84  406  891
85  408  716
86  410  514
87  412  344
88  414  229
89  416  141
90  418   87
91  420   65
92  422   21
93  424   26
94  426  142
95  428  727
96  430  919
97  432  979
98  434  925
99  436  782
100 438  536
101 440  350
102 442  213
103 444  115
104 446   65
105 448   22
106 450   11
107 452    0
108 454    5
109 456  334
110 458  498
111 460  761