1    948   2
2    942   4
3    911   6
4    858   8
5    801  10
6    676  12
7    504  14
8    397  16
9    248  18
10   146  20
11  1801  22
12  6235  24
13  5974  26
14  8921  28
15  6610  30
16  5973  32
17  5673  34
18  3875  36
19  2361  38
20  1352  40
21  1226  42
22   912  44
23   521  46
24   363  48
25   229  50
26   142  52
27    82  54
28   542  56
29   939  58
30  2431  60
31  3687  62
32  4543  64
33  4535  66
34  5441  68
35  4412  70
36  3022  72
37  2656  74
38  1967  76
39  1295  78
40   915  80
41   551  82
42   313  84
43   167  86
44    95  88
45    93  90
46    60  92
47    68  94
48  5259  96
49  6673  98
50  5441 100
51  3987 102
52  2952 104
53  3648 106
54  4222 108
55  3889 110
56  2295 112
57  1509 114
58   928 116
59   739 118
60   566 120
61   383 122
62   274 124
63   192 126
64   226 128
65   519 130
66  1224 132
67  2236 134
68  3818 136
69  6208 138
70  5996 140
71  5789 142
72  6652 144
73  7939 146
74  4868 148
75  3952 150
76  2712 152
77  1734 154
78  1224 156
79   703 158
80   508 160
81   366 162
82   279 164
83   243 166
84   343 168
85   761 170
86  1025 172
87  1221 174
88  1600 176
89  2267 178
90  3290 180
91  3471 182
92  3637 184
93  3703 186
94  4876 188
95  5364 190
96  4890 192
97  3029 194
98  1950 196
99  1225 198
100 1076 200
101  905 202
102  772 204
103  628 206
104  473 208
105  539 210
106  825 212
107 1702 214
108 2868 216
109 4473 218
110 5221 220
111 6592 222
112 6400 224
113 4752 226
114 3521 228
115 2719 230
116 1931 232
117 1500 234
118 1082 236
119  849 238
120  774 240
121  864 242
122 1306 244
123 1624 246
124 2224 248
125 2423 250
126 2959 252
127 3547 254
128 7237 256
129 5218 258
130 5311 260
131 4273 262
132 3270 264
133 2281 266
134 1549 268
135 1091 270
136  796 272
137  610 274
138  445 276
139  894 278
140 1454 280
141 2262 282
142 2363 284
143 3847 286
144 3876 288
145 3935 290
146 3479 292
147 3415 294
148 3861 296
149 3571 298
150 3113 300
151 2319 302
152 1630 304
153 1297 306
154  861 308
155  761 310
156  659 312
157  701 314
158  762 316
159 1188 318
160 1778 320
161 2428 322
162 3806 324
163 4519 326
164 5646 328
165 4851 330
166 5374 332
167 4713 334
168 7367 336
169 7236 338
170 5345 340
171 3636 342
172 2417 344
173 1258 346
174  766 348
175  479 350
176  402 352
177  248 354
178  254 356
179  604 358
180 1346 360